Multinomial NB


TFIDF - SIX CLASS LABELS

count    10.000000
mean      0.239868
std       0.012515
min       0.216575
25%       0.230441
50%       0.244731
75%       0.250147
max       0.252351

BOW - SIX CLASS LABELS

count    10.000000
mean      0.243460
std       0.011593
min       0.219703
25%       0.235463
50%       0.248143
75%       0.250341
max       0.256270


TFIDF - TWO CLASS LABELS

count    10.000000
mean      0.605508
std       0.010656
min       0.592969
25%       0.596211
50%       0.602580
75%       0.614828
max       0.622066

BOW - TWO CLASS LABELS

count    10.000000
mean      0.610433
std       0.011610
min       0.595313
25%       0.603282
50%       0.608679
75%       0.618988
max       0.627543




12791 11151
12791 11151

   accuracy    recall  precision
0  0.620313  0.333922   0.634228
1  0.599219  0.307420   0.589831
2  0.593750  0.293286   0.580420
3  0.591406  0.316254   0.568254
4  0.605942  0.330389   0.599359
5  0.592651  0.314488   0.572347
6  0.598124  0.302120   0.589655
7  0.615806  0.336283   0.620915
8  0.622066  0.341593   0.634868
9  0.614241  0.353982   0.609756

   accuracy    recall  precision
0  0.623437  0.487633   0.589744
1  0.607031  0.489399   0.564155
2  0.595313  0.473498   0.549180
3  0.600000  0.491166   0.553785
4  0.608288  0.501767   0.564612
5  0.602815  0.517668   0.554924
6  0.608288  0.478799   0.568134
7  0.627543  0.534513   0.586408
8  0.628326  0.522124   0.590000
9  0.611894  0.534513   0.564486


12791 11177
12791 11177
   accuracy    recall  precision
0  0.617969  0.328622   0.630508
1  0.600000  0.309187   0.591216
2  0.595313  0.296820   0.583333
3  0.592969  0.319788   0.570978
4  0.605160  0.328622   0.598071
5  0.594996  0.316254   0.577419
6  0.598905  0.303887   0.591065
7  0.615806  0.334513   0.621711
8  0.622066  0.341593   0.634868
9  0.611894  0.350442   0.605505

   accuracy    recall  precision
0  0.621875  0.482332   0.588362
1  0.607031  0.487633   0.564417
2  0.595313  0.475265   0.548980
3  0.596094  0.484099   0.549098
4  0.609070  0.503534   0.565476
5  0.602033  0.515901   0.554080
6  0.608288  0.480565   0.567850
7  0.627543  0.534513   0.586408
8  0.626761  0.520354   0.588000
9  0.610329  0.532743   0.562617